0 3.05 -0.00827065 0.000114243 
0.1 3.05 -0.327752 0.0647105 
0.2 3.05 -0.636336 0.228636 
0.3 3.05 -0.922576 0.452838 
0.4 3.05 -1.19258 0.706456 
0.5 3.05 -1.43776 1.00883 
0.6 3.05 -1.66445 1.16045 
0.7 3.05 -1.8767 1.44875 
0.8 3.05 -2.06151 1.47577 
0.9 2.7 -2.22474 1.68749 
1 2.45 -2.37703 1.77859 
1.1 2.2 -2.50062 1.71614 
1.2 2.05 -2.61931 1.72522 
1.3 1.8 -2.69877 1.44369 
1.4 1.7 -2.76688 1.22092 
1.5 1.6 -2.80953 1.13418 
1.6 1.5 -2.83883 0.966675 
1.7 1.45 -2.84917 0.824807 
1.8 1.35 -2.83421 0.782773 
1.9 1.25 -2.79951 0.916094 
2 1.2 -2.74594 1.1887 
2.1 3.05 -2.67528 1.44439 
2.2 3.05 -2.57992 2.21547 
2.3 3.05 -2.45282 3.43839 
2.4 3.05 -2.33969 5.15054 
2.5 3.05 -2.14145 6.43015 
2.6 3.05 -2.03766 8.67149 
2.7 3.05 -1.78691 11.2331 
2.8 3.05 -1.57117 14.1288 
2.9 3.05 -1.31999 17.9638 
3 3.05 -1.24999 19.9462 
