1.6 0.3 1.65 -2.82701 0.477563 
1.6 0.5 1.6 -2.85651 0.513131 
1.6 0.7 1.6 -2.85808 0.484964 
1.6 0.9 1.6 -2.83663 0.388183 
1.6 1.1 1.55 -2.84584 0.42698 
1.6 1.3 1.55 -2.86881 0.711879 
1.6 1.5 1.55 -2.84831 0.466172 
1.6 1.7 1.55 -2.85602 0.53391 
1.625 0.3 1.6 -2.83296 0.450326 
1.625 0.5 1.6 -2.85055 0.491058 
1.625 0.7 1.55 -2.8615 0.430786 
1.625 0.9 1.55 -2.86451 0.49246 
1.625 1.1 1.55 -2.8626 0.492122 
1.625 1.3 1.5 -2.86622 0.519518 
1.625 1.5 1.5 -2.86048 0.520326 
1.625 1.7 1.5 -2.84676 0.444425 
1.65 0.3 1.6 -2.84619 0.370913 
1.65 0.5 1.55 -2.86797 0.422127 
1.65 0.7 1.55 -2.87294 0.547947 
1.65 0.9 1.5 -2.86985 0.421386 
1.65 1.1 1.5 -2.87001 0.413763 
1.65 1.3 1.5 -2.87155 0.489555 
1.65 1.5 1.5 -2.86816 0.546853 
1.65 1.7 1.5 -2.86494 0.571432 
1.675 0.3 1.6 -2.85726 0.374804 
1.675 0.5 1.55 -2.87075 0.445966 
1.675 0.7 1.55 -2.87351 0.379433 
1.675 0.9 1.5 -2.87578 0.3502 
1.675 1.1 1.5 -2.87226 0.385208 
1.675 1.3 1.5 -2.86368 0.368925 
1.675 1.5 1.5 -2.85703 0.374626 
1.675 1.7 1.45 -2.86048 0.40136 
1.7 0.3 1.55 -2.86679 0.368633 
1.7 0.5 1.5 -2.87923 0.328826 
1.7 0.7 1.5 -2.87247 0.283463 
1.7 0.9 1.5 -2.8879 0.428068 
1.7 1.1 1.5 -2.88079 0.340547 
1.7 1.3 1.5 -2.87597 0.377901 
1.7 1.5 2.55 -2.85454 0.303294 
1.7 1.7 1.45 -2.86261 0.308234 
1.725 0.3 1.55 -2.87609 0.308351 
1.725 0.5 1.5 -2.88576 0.252095 
1.725 0.7 1.5 -2.88275 0.287133 
1.725 0.9 1.5 -2.8832 0.278608 
1.725 1.1 1.5 -2.87957 0.305977 
1.725 1.3 1.45 -2.86608 0.25512 
1.725 1.5 1.45 -2.87262 0.344725 
1.725 1.7 1.45 -2.86767 0.345975 
1.75 0.3 1.5 -2.89207 0.290279 
1.75 0.5 1.5 -2.88026 0.190829 
1.75 0.7 1.45 -2.88444 0.224681 
1.75 0.9 1.45 -2.88069 0.235289 
1.75 1.1 1.4 -2.8827 0.277863 
1.75 1.3 1.45 -2.86975 0.237727 
1.75 1.5 1.45 -2.87013 0.313835 
1.75 1.7 1.4 -2.86169 0.360274 
1.775 0.3 1.5 -2.87965 0.197254 
1.775 0.5 1.45 -2.8914 0.247058 
1.775 0.7 1.45 -2.8887 0.205 
1.775 0.9 1.45 -2.87569 0.19622 
1.775 1.1 1.4 -2.87896 0.237009 
1.775 1.3 1.4 -2.87442 0.236221 
1.775 1.5 1.4 -2.86887 0.25317 
1.775 1.7 1.4 -2.86603 0.288394 
